EXPONENTIAL - STRUCTURED TETRAHEDRAL GRID

N = 1
errh10: 4	
	0.6384167756	0.3084864937	0.2041446559	0.1527021459	
rh10; 3	
	1.049291236	1.018211464	1.009237638	
errl2: 4	
	0.08022140001	0.019296856	0.008467778079	0.004736819181	
rhl2: 3	
	2.055621333	2.031430125	2.019250937	
ndof: 4	
	 27	125	343	729	

N = 2
errh10: 4	
	0.1161709482	0.03072872395	0.01386371181	0.007847034542	
rh10; 3	
	1.918589564	1.962987862	1.978361269	
errl2: 4	
	0.006824879297	0.0008431578095	0.0002477459744	0.0001041453919	
rhl2: 3	
	3.016928948	3.020605698	3.012408786	
ndof: 4	
	125	729	2197	4913	
